0.0       0.0       0.0       0.0       0.0       0.0       0.0       0.0       0.0       0.0       0.0       0.0       0.0       0.0       0.0       0.0       0.0       0.0       0.0       0.0       0.0       0.0       0.0       0.0       0.0       0.0       0.0       0.0       0.0       0.0       0.0       0.0       0.0       0.0       0.0       0.0       0.0       
0.0       0.0       0.0       0.0       0.0       0.0       0.0       0.0       0.0       0.0       0.0       0.0       0.0       0.0       0.0       0.0       0.0       0.0       0.0       0.0       0.0       0.0       0.0       0.0       0.0       0.0       0.0       0.0       0.0       0.0       0.0       0.0       0.0       0.0       0.0       0.0       0.0       
0.0       0.0       0.0       0.0       0.0       0.0       0.0       0.0       0.0       0.0       0.0       0.0       0.0       0.0       0.0       0.0       0.0       0.0       0.0       0.0       0.0       0.0       0.0       0.0       0.0       0.0       0.0       0.0       0.0       0.0       0.0       0.0       0.0       0.0       0.0       0.0       0.0       
0.0       0.0       0.0       0.0       0.0       0.0       0.0       0.0       0.0       0.0       0.0       0.0       0.0       0.0       0.0001    0.0005    0.001     0.0015    0.0017    0.0015    0.001     0.0005    0.0001    0.0       0.0       0.0       0.0       0.0       0.0       0.0       0.0       0.0       0.0       0.0       0.0       0.0       0.0       
0.0       0.0       0.0       0.0       0.0       0.0       0.0       0.0       0.0       0.0       0.0       0.0001    0.0006    0.0027    0.0072    0.0137    0.0207    0.0261    0.0281    0.0261    0.0207    0.0137    0.0072    0.0027    0.0006    0.0001    0.0       0.0       0.0       0.0       0.0       0.0       0.0       0.0       0.0       0.0       0.0       
0.0       0.0       0.0       0.0       0.0       0.0       0.0       0.0       0.0       0.0       0.0005    0.0038    0.0137    0.0325    0.059     0.0884    0.1149    0.1329    0.1396    0.1329    0.1149    0.0884    0.059     0.0325    0.0137    0.0038    0.0005    0.0       0.0       0.0       0.0       0.0       0.0       0.0       0.0       0.0       0.0       
0.0       0.0       0.0       0.0       0.0       0.0       0.0       0.0       0.0001    0.0017    0.0105    0.0349    0.079     0.1396    0.2073    0.2714    0.323     0.3564    0.3677    0.3564    0.323     0.2714    0.2073    0.1396    0.079     0.0349    0.0105    0.0017    0.0001    0.0       0.0       0.0       0.0       0.0       0.0       0.0       0.0       
0.0       0.0       0.0       0.0       0.0       0.0       0.0       0.0001    0.0027    0.0176    0.059     0.1329    0.2336    0.3451    0.4517    0.5417    0.6074    0.647     0.66      0.647     0.6074    0.5417    0.4517    0.3451    0.2336    0.1329    0.059     0.0176    0.0027    0.0001    0.0       0.0       0.0       0.0       0.0       0.0       0.0       
0.0       0.0       0.0       0.0       0.0       0.0       0.0001    0.0027    0.0207    0.0748    0.1749    0.3127    0.4644    0.6074    0.7245    0.8104    0.8655    0.8956    0.9047    0.8956    0.8655    0.8104    0.7245    0.6074    0.4644    0.3127    0.1749    0.0748    0.0207    0.0027    0.0001    0.0       0.0       0.0       0.0       0.0       0.0       
0.0       0.0       0.0       0.0       0.0       0.0       0.0017    0.0176    0.0748    0.1908    0.3564    0.5417    0.712     0.8442    0.9306    0.9769    0.9952    0.9997    1.0       0.9997    0.9952    0.9769    0.9306    0.8442    0.712     0.5417    0.3564    0.1908    0.0748    0.0176    0.0017    0.0       0.0       0.0       0.0       0.0       0.0       
0.0       0.0       0.0       0.0       0.0       0.0005    0.0105    0.059     0.1749    0.3564    0.5679    0.7622    0.9047    0.9815    0.9997    0.9797    0.945     0.9159    0.9047    0.9159    0.945     0.9797    0.9997    0.9815    0.9047    0.7622    0.5679    0.3564    0.1749    0.059     0.0105    0.0005    0.0       0.0       0.0       0.0       0.0       
0.0       0.0       0.0       0.0       0.0001    0.0038    0.0349    0.1329    0.3127    0.5417    0.7622    0.9224    0.9952    0.9845    0.9159    0.8238    0.7387    0.6801    0.66      0.6801    0.7387    0.8238    0.9159    0.9845    0.9952    0.9224    0.7622    0.5417    0.3127    0.1329    0.0349    0.0038    0.0001    0.0       0.0       0.0       0.0       
0.0       0.0       0.0       0.0       0.0006    0.0137    0.079     0.2336    0.4644    0.712     0.9047    0.9952    0.9741    0.8674    0.7195    0.5744    0.4607    0.3908    0.3677    0.3908    0.4607    0.5744    0.7195    0.8674    0.9741    0.9952    0.9047    0.712     0.4644    0.2336    0.079     0.0137    0.0006    0.0       0.0       0.0       0.0       
0.0       0.0       0.0       0.0       0.0027    0.0325    0.1396    0.3451    0.6074    0.8442    0.9815    0.9845    0.8674    0.6801    0.4834    0.3221    0.2147    0.1572    0.1396    0.1572    0.2147    0.3221    0.4834    0.6801    0.8674    0.9845    0.9815    0.8442    0.6074    0.3451    0.1396    0.0325    0.0027    0.0       0.0       0.0       0.0       
0.0       0.0       0.0       0.0001    0.0072    0.059     0.2073    0.4517    0.7245    0.9306    0.9997    0.9159    0.7195    0.4834    0.278     0.1396    0.0666    0.036     0.0281    0.036     0.0666    0.1396    0.278     0.4834    0.7195    0.9159    0.9997    0.9306    0.7245    0.4517    0.2073    0.059     0.0072    0.0001    0.0       0.0       0.0       
0.0       0.0       0.0       0.0005    0.0137    0.0884    0.2714    0.5417    0.8104    0.9769    0.9797    0.8238    0.5744    0.3221    0.1396    0.045     0.0113    0.003     0.0017    0.003     0.0113    0.045     0.1396    0.3221    0.5744    0.8238    0.9797    0.9769    0.8104    0.5417    0.2714    0.0884    0.0137    0.0005    0.0       0.0       0.0       
0.0       0.0       0.0       0.001     0.0207    0.1149    0.323     0.6074    0.8655    0.9952    0.945     0.7387    0.4607    0.2147    0.0666    0.0113    0.0008    0.0       0.0       0.0       0.0008    0.0113    0.0666    0.2147    0.4607    0.7387    0.945     0.9952    0.8655    0.6074    0.323     0.1149    0.0207    0.001     0.0       0.0       0.0       
0.0       0.0       0.0       0.0015    0.0261    0.1329    0.3564    0.647     0.8956    0.9997    0.9159    0.6801    0.3908    0.1572    0.036     0.003     0.0       0.0       0.0       0.0       0.0       0.003     0.036     0.1572    0.3908    0.6801    0.9159    0.9997    0.8956    0.647     0.3564    0.1329    0.0261    0.0015    0.0       0.0       0.0       
0.0       0.0       0.0       0.0017    0.0281    0.1396    0.3677    0.66      0.9047    1.0       0.9047    0.66      0.3677    0.1396    0.0281    0.0017    0.0       0.0       0.0       0.0       0.0       0.0017    0.0281    0.1396    0.3677    0.66      0.9047    1.0       0.9047    0.66      0.3677    0.1396    0.0281    0.0017    0.0       0.0       0.0       
0.0       0.0       0.0       0.0015    0.0261    0.1329    0.3564    0.647     0.8956    0.9997    0.9159    0.6801    0.3908    0.1572    0.036     0.003     0.0       0.0       0.0       0.0       0.0       0.003     0.036     0.1572    0.3908    0.6801    0.9159    0.9997    0.8956    0.647     0.3564    0.1329    0.0261    0.0015    0.0       0.0       0.0       
0.0       0.0       0.0       0.001     0.0207    0.1149    0.323     0.6074    0.8655    0.9952    0.945     0.7387    0.4607    0.2147    0.0666    0.0113    0.0008    0.0       0.0       0.0       0.0008    0.0113    0.0666    0.2147    0.4607    0.7387    0.945     0.9952    0.8655    0.6074    0.323     0.1149    0.0207    0.001     0.0       0.0       0.0       
0.0       0.0       0.0       0.0005    0.0137    0.0884    0.2714    0.5417    0.8104    0.9769    0.9797    0.8238    0.5744    0.3221    0.1396    0.045     0.0113    0.003     0.0017    0.003     0.0113    0.045     0.1396    0.3221    0.5744    0.8238    0.9797    0.9769    0.8104    0.5417    0.2714    0.0884    0.0137    0.0005    0.0       0.0       0.0       
0.0       0.0       0.0       0.0001    0.0072    0.059     0.2073    0.4517    0.7245    0.9306    0.9997    0.9159    0.7195    0.4834    0.278     0.1396    0.0666    0.036     0.0281    0.036     0.0666    0.1396    0.278     0.4834    0.7195    0.9159    0.9997    0.9306    0.7245    0.4517    0.2073    0.059     0.0072    0.0001    0.0       0.0       0.0       
0.0       0.0       0.0       0.0       0.0027    0.0325    0.1396    0.3451    0.6074    0.8442    0.9815    0.9845    0.8674    0.6801    0.4834    0.3221    0.2147    0.1572    0.1396    0.1572    0.2147    0.3221    0.4834    0.6801    0.8674    0.9845    0.9815    0.8442    0.6074    0.3451    0.1396    0.0325    0.0027    0.0       0.0       0.0       0.0       
0.0       0.0       0.0       0.0       0.0006    0.0137    0.079     0.2336    0.4644    0.712     0.9047    0.9952    0.9741    0.8674    0.7195    0.5744    0.4607    0.3908    0.3677    0.3908    0.4607    0.5744    0.7195    0.8674    0.9741    0.9952    0.9047    0.712     0.4644    0.2336    0.079     0.0137    0.0006    0.0       0.0       0.0       0.0       
0.0       0.0       0.0       0.0       0.0001    0.0038    0.0349    0.1329    0.3127    0.5417    0.7622    0.9224    0.9952    0.9845    0.9159    0.8238    0.7387    0.6801    0.66      0.6801    0.7387    0.8238    0.9159    0.9845    0.9952    0.9224    0.7622    0.5417    0.3127    0.1329    0.0349    0.0038    0.0001    0.0       0.0       0.0       0.0       
0.0       0.0       0.0       0.0       0.0       0.0005    0.0105    0.059     0.1749    0.3564    0.5679    0.7622    0.9047    0.9815    0.9997    0.9797    0.945     0.9159    0.9047    0.9159    0.945     0.9797    0.9997    0.9815    0.9047    0.7622    0.5679    0.3564    0.1749    0.059     0.0105    0.0005    0.0       0.0       0.0       0.0       0.0       
0.0       0.0       0.0       0.0       0.0       0.0       0.0017    0.0176    0.0748    0.1908    0.3564    0.5417    0.712     0.8442    0.9306    0.9769    0.9952    0.9997    1.0       0.9997    0.9952    0.9769    0.9306    0.8442    0.712     0.5417    0.3564    0.1908    0.0748    0.0176    0.0017    0.0       0.0       0.0       0.0       0.0       0.0       
0.0       0.0       0.0       0.0       0.0       0.0       0.0001    0.0027    0.0207    0.0748    0.1749    0.3127    0.4644    0.6074    0.7245    0.8104    0.8655    0.8956    0.9047    0.8956    0.8655    0.8104    0.7245    0.6074    0.4644    0.3127    0.1749    0.0748    0.0207    0.0027    0.0001    0.0       0.0       0.0       0.0       0.0       0.0       
0.0       0.0       0.0       0.0       0.0       0.0       0.0       0.0001    0.0027    0.0176    0.059     0.1329    0.2336    0.3451    0.4517    0.5417    0.6074    0.647     0.66      0.647     0.6074    0.5417    0.4517    0.3451    0.2336    0.1329    0.059     0.0176    0.0027    0.0001    0.0       0.0       0.0       0.0       0.0       0.0       0.0       
0.0       0.0       0.0       0.0       0.0       0.0       0.0       0.0       0.0001    0.0017    0.0105    0.0349    0.079     0.1396    0.2073    0.2714    0.323     0.3564    0.3677    0.3564    0.323     0.2714    0.2073    0.1396    0.079     0.0349    0.0105    0.0017    0.0001    0.0       0.0       0.0       0.0       0.0       0.0       0.0       0.0       
0.0       0.0       0.0       0.0       0.0       0.0       0.0       0.0       0.0       0.0       0.0005    0.0038    0.0137    0.0325    0.059     0.0884    0.1149    0.1329    0.1396    0.1329    0.1149    0.0884    0.059     0.0325    0.0137    0.0038    0.0005    0.0       0.0       0.0       0.0       0.0       0.0       0.0       0.0       0.0       0.0       
0.0       0.0       0.0       0.0       0.0       0.0       0.0       0.0       0.0       0.0       0.0       0.0001    0.0006    0.0027    0.0072    0.0137    0.0207    0.0261    0.0281    0.0261    0.0207    0.0137    0.0072    0.0027    0.0006    0.0001    0.0       0.0       0.0       0.0       0.0       0.0       0.0       0.0       0.0       0.0       0.0       
0.0       0.0       0.0       0.0       0.0       0.0       0.0       0.0       0.0       0.0       0.0       0.0       0.0       0.0       0.0001    0.0005    0.001     0.0015    0.0017    0.0015    0.001     0.0005    0.0001    0.0       0.0       0.0       0.0       0.0       0.0       0.0       0.0       0.0       0.0       0.0       0.0       0.0       0.0       
0.0       0.0       0.0       0.0       0.0       0.0       0.0       0.0       0.0       0.0       0.0       0.0       0.0       0.0       0.0       0.0       0.0       0.0       0.0       0.0       0.0       0.0       0.0       0.0       0.0       0.0       0.0       0.0       0.0       0.0       0.0       0.0       0.0       0.0       0.0       0.0       0.0       
0.0       0.0       0.0       0.0       0.0       0.0       0.0       0.0       0.0       0.0       0.0       0.0       0.0       0.0       0.0       0.0       0.0       0.0       0.0       0.0       0.0       0.0       0.0       0.0       0.0       0.0       0.0       0.0       0.0       0.0       0.0       0.0       0.0       0.0       0.0       0.0       0.0       
0.0       0.0       0.0       0.0       0.0       0.0       0.0       0.0       0.0       0.0       0.0       0.0       0.0       0.0       0.0       0.0       0.0       0.0       0.0       0.0       0.0       0.0       0.0       0.0       0.0       0.0       0.0       0.0       0.0       0.0       0.0       0.0       0.0       0.0       0.0       0.0       0.0       
